Mod	NE1	NE12	NE13	NE14	NE15	NE16	NE17	NE19	NE2	NE25	NE3	NE4	NE42	NE5	NE6	NE7	NE9	NF12	NF18	NF2	NF35	NF39	NF4	NF46	NF50	NF52	NF53	NF54	NF6	NF61	NF65	NP1	NP13	NP15	NP16	NP2	NP6	NP7	NP8	NP9	NT1	NT10	NT11	NT13	NT16	NT17	NT18	NT2	NT21	NT22	NT23	NT24	NT25	NT27	NT5	NT6	NT8	PS1	PS10	PS11	PS12	PS13	PS2	PS3	PS4	PS5	PS6	PS7	PS8	PS9
Female_FB_FB_M1	7.49296	7.15697	7.93974	7.40599	7.49361	7.29074	6.2063	7.41535	6.9842	7.03316	7.57767	7.4212	7.89285	6.75737	6.99026	7.23285	7.36462	8.25404	8.49097	8.26455	8.19202	8.37816	8.16948	8.71708	8.34815	8.09914	8.66341	7.93997	8.59093	8.6707	8.40174	6.64227	5.94484	6.16984	6.52076	6.11245	6.70487	6.42163	6.46243	6.27036	7.8091	7.58646	7.52366	6.9166	6.9563	7.17144	7.71855	6.52786	7.48558	7.31446	7.4502	6.78871	7.94948	6.91821	7.49355	7.15147	8.38168	7.06391	6.66353	6.94138	8.31522	7.08721	6.54738	6.31265	6.59218	6.54444	6.34343	6.50801	6.42293	6.75847
Female_FB_FB_M2	9.39545	8.90073	8.11633	9.29967	7.74793	8.82809	8.41657	9.14313	9.395	9.29955	8.86518	8.34704	8.41817	8.4715	8.87522	8.68523	8.95876	7.81708	6.78461	8.00013	6.68024	7.43783	7.68885	6.79759	7.78373	7.45546	7.0633	7.30794	7.26558	7.52815	8.12147	9.26403	8.44692	6.92274	8.43328	8.77134	8.19844	8.60327	8.53879	8.48498	7.54138	8.93164	9.14791	9.65246	7.76485	8.65231	8.74463	8.71081	8.84233	9.287	8.60115	7.83819	8.78655	8.20579	8.91575	8.8254	8.39162	7.43071	8.77165	8.64743	7.63343	7.80308	8.93115	7.62899	8.72442	7.52581	7.81774	7.28668	7.2353	8.28383
Female_FB_FB_M3	6.18218	5.90033	6.35034	6.3592	6.15682	6.15607	6.36038	6.43117	6.40174	6.10912	6.59439	6.48421	7.14662	6.26582	6.54184	6.75289	6.07334	7.18642	8.47142	7.34208	7.70018	7.9097	7.58984	8.41134	7.51687	7.9634	8.13078	7.70286	7.40786	7.73012	7.3261	6.32836	6.16088	6.40981	6.22836	6.54677	5.93404	6.56994	5.93337	6.62143	6.55667	6.59619	6.27717	6.12883	5.90677	5.8204	6.73296	6.12398	6.20011	6.22383	7.36415	5.67957	6.50521	6.47745	6.24276	6.04315	7.71542	6.55857	6.08851	6.36334	7.02672	6.22078	6.39102	6.17832	6.04303	6.28148	6.21934	6.4089	6.23701	6.56361
Female_FB_FB_M4	6.90423	6.96734	6.74611	6.92771	6.79899	6.79761	7.95139	7.19207	7.19106	6.96437	7.05106	7.13206	6.96787	7.68375	7.38218	7.35693	6.84839	6.47502	6.28969	6.27396	6.29104	6.30211	6.78696	6.07862	6.14699	6.50839	6.28591	6.22569	6.38939	6.1363	6.12706	7.83279	8.20799	8.03273	7.46983	8.17961	7.2183	7.99701	7.20432	7.94669	6.76337	7.08285	6.82544	6.80058	5.98861	6.80353	6.78919	7.51759	7.1343	6.96226	6.58025	6.26966	6.7872	7.31364	6.75889	6.78378	6.14073	7.42214	7.06405	7.31418	6.983	7.14857	7.88644	7.54758	7.36038	7.32017	7.39349	7.5029	7.495	7.82146
Female_FB_FB_M5	5.86672	6.07772	6.00075	6.82933	6.45627	6.27184	5.82918	6.78927	6.30365	6.03556	6.70111	6.73016	7.14512	6.0892	6.48706	7.26571	5.78292	7.09416	8.09266	7.54373	7.76019	7.49105	8.03802	7.96868	7.29871	7.68886	7.83751	8.18866	7.15671	7.63331	7.10292	6.06795	5.75833	5.98605	5.77991	5.8855	5.77862	6.01752	5.75879	5.85011	6.82734	6.50875	6.33025	6.19437	5.73732	5.48975	6.6437	5.91566	6.24073	6.18312	6.37348	5.1942	6.7624	6.26628	6.38892	6.03094	6.00247	5.86535	5.72741	5.72291	6.47757	5.75508	5.85063	5.63	5.71533	5.72991	5.63338	5.65572	5.69433	6.19479
Female_FB_FB_M6	8.00793	7.77683	7.68535	7.45763	7.79553	7.7672	6.43669	7.56034	7.66881	7.69591	7.55163	7.24705	7.25354	7.09099	7.38433	7.24263	7.8001	6.3063	6.38821	6.53267	6.27619	6.18433	6.91636	6.39367	6.03545	6.16352	6.16991	6.13554	6.77435	6.24877	6.21029	7.30183	6.45703	6.57868	7.17752	6.57468	7.5382	6.58513	7.17355	6.68204	7.43515	7.5256	7.66187	7.28157	7.59435	7.70778	7.5042	7.11562	7.4199	7.22507	7.50276	8.10507	7.1665	6.55919	7.51909	7.96182	7.48251	7.06127	6.98922	7.26108	7.30332	7.26329	6.9192	6.66523	6.89999	6.97876	6.7791	6.97035	6.81005	6.9577
Female_FB_FB_M7	7.06591	7.08467	7.15017	7.03589	6.82838	7.30701	5.80847	7.44219	6.89187	7.28756	7.3456	6.73214	7.5394	6.73875	7.27537	7.03612	7.18421	8.65659	8.28381	8.33577	8.14309	8.23407	8.62514	7.96152	8.44308	8.36478	8.09562	7.62329	7.92989	8.5182	8.48631	6.38543	5.80235	5.80017	6.03708	5.87258	6.2086	6.20599	6.08293	5.64995	7.42069	7.07927	7.37593	7.30306	7.34647	7.40192	7.54192	5.89301	7.36026	7.17746	7.02759	6.78053	7.30363	7.05169	7.74966	7.20394	7.38066	6.7411	7.09236	7.19753	7.38243	7.48448	6.75	6.27717	6.79406	7.09357	6.51947	6.50573	6.82005	6.866
Female_HFC_HFC_M1	5.3163	5.24937	4.81824	4.36861	4.49661	4.86344	2.70131	4.69513	4.55527	3.82675	4.57677	4.12678	5.03178	4.06076	5.16624	4.5734	5.22184	5.22784	5.82441	5.48125	5.42559	5.16468	5.33865	5.80188	5.33016	5.19035	5.29676	5.57356	5.64301	5.78781	5.35028	0	0	3.67963	0	3.98824	0	0	0	0	4.96666	4.96702	4.20887	3.22959	5.21326	2.57822	6.04956	0	5.03965	4.43461	4.88578	0	4.65825	4.49768	4.75255	5.18105	5.61507	3.51329	0	0	5.73485	0	2.34684	0	2.47271	0	0	0	0	0
Female_HFC_HFC_M2	5.59368	5.57998	5.2293	5.35482	5.2928	5.86044	3.18801	5.61978	5.15962	4.23074	5.69583	4.77922	5.48181	4.34942	5.01792	5.06791	5.67371	4.87349	4.77996	4.88809	4.77991	4.43481	4.93674	4.72335	4.77887	4.64749	4.71059	4.88516	4.95863	4.99132	4.71969	0	0	3.86175	0	4.71546	0	0	0	0	5.33223	5.60986	5.08642	3.6383	4.15675	3.22392	5.63082	0	5.456	5.00397	5.52541	0	5.29158	5.31819	5.37417	5.23814	5.08781	3.58598	0	0	5.28702	0	3.89702	0	2.71982	0	0	0	0	0
Female_HFC_HFC_M3	5.25365	5.23656	5.0233	4.89337	4.9121	4.94784	3.8058	5.15791	5.30632	3.64075	4.89721	4.90502	4.88428	4.94651	4.50014	4.84529	5.87975	5.24125	5.68384	5.3909	5.02298	5.21134	5.35999	5.2217	5.29158	5.25493	5.25583	5.63577	5.47826	5.6126	5.14917	0	0	4.7112	0	4.16526	0	0	0	0	4.77919	4.93297	4.90621	4.21014	4.48837	3.24379	6.14575	0	4.82408	4.95547	4.81822	0	5.28965	4.54109	4.77525	4.82869	5.26601	3.301	0	0	5.60938	0	2.65241	0	2.85288	0	0	0	0	0
Female_HFC_HFC_M4	4.95647	5.05068	5.58238	5.58255	5.75863	5.15708	4.18872	5.71652	6.10855	3.33076	5.64215	5.78925	5.20154	5.39552	4.60647	5.50131	5.02299	5.35815	5.15479	5.36362	4.88543	5.31802	5.07452	4.74207	5.47619	5.36918	5.32531	5.27683	5.32362	5.34928	5.19894	0	0	4.41011	0	4.50985	0	0	0	0	4.90005	5.47115	6.08895	5.59618	4.01887	4.00851	5.61184	0	4.77207	5.59582	5.28708	0	5.4152	4.62807	5.07041	4.21628	5.29113	5.01082	0	0	5.34273	0	3.28065	0	2.54403	0	0	0	0	0
Female_KC_Channel_KC_Channel_M1	6.75124	7.22662	7.30591	6.69268	6.63944	7.37883	5.27028	6.48592	6.2029	7.16291	7.17902	6.18786	7.15243	6.44584	7.20999	6.54353	7.04319	8.016	7.11819	8.51468	7.02229	7.93018	6.94433	9.05739	8.83478	7.86759	8.79831	6.72755	7.19272	8.17153	8.95367	5.56473	5.34725	5.11879	6.11852	5.84783	6.42859	6.41661	5.79567	5.378	6.91924	7.2237	6.62597	6.05202	8.16747	7.63509	6.71307	4.93392	7.23535	7.58815	7.33839	7.48933	6.3656	6.21844	6.86076	6.84807	6.58225	9.20826	5.75632	7.84448	7.58114	7.03671	0	0	4.68212	5.90704	0	0	0	0
Female_KC_Channel_KC_Channel_M2	7.67668	7.54232	7.46381	7.45543	7.49699	7.37858	8.00524	7.05188	7.37388	7.03051	7.51332	7.12384	7.38792	7.10701	7.33348	7.15406	7.66918	6.23978	6.95783	6.44218	6.95475	6.32454	6.65084	6.57955	6.6644	6.07985	6.96701	6.89997	6.50955	6.63513	6.67955	8.37816	7.53234	7.64096	8.56821	8.1913	8.1169	8.3724	8.39459	8.60365	7.23256	7.20504	7.15322	6.5827	7.40398	7.61165	6.91816	8.46903	7.19224	7.4592	7.38584	7.45373	7.47689	6.65765	7.34993	7.30461	7.63699	7.66934	7.421	7.63498	7.95269	7.46995	0	0	5.11689	7.7976	0	0	0	0
Female_KC_KC_M1	6.98774	6.8499	6.80098	7.9251	7.58161	7.82946	6.4911	7.52467	6.96921	6.94852	7.13993	6.66738	8.29158	7.23238	6.88014	7.54906	7.15826	8.9818	9.31528	9.28807	9.07675	8.96334	8.56628	8.91855	9.04836	9.01061	8.74171	8.25872	8.66246	9.00532	9.01831	6.49952	6.34175	6.3664	6.71153	6.78807	6.54818	6.79388	6.46592	6.65736	8.22296	7.85983	7.4387	7.01721	7.56382	7.47014	7.59565	6.42134	7.39003	7.60624	7.58338	6.94654	8.24971	6.78388	7.79018	8.03522	7.2661	7.16864	7.22672	7.67902	8.34298	7.21739	7.49976	7.16335	7.50719	7.05826	7.10231	6.98458	7.31041	7.67605
Female_KC_KC_M2	10.0836	10.296	9.81473	9.62988	10.2959	9.82912	9.73032	10.2995	9.0855	10.4587	10.4101	9.7146	9.46819	9.30773	9.59289	10.3078	10.2391	8.07744	8.47109	8.31507	8.67987	8.22354	9.17625	8.47491	8.29598	8.63382	8.87953	8.90388	8.93411	8.46559	8.47827	10.2047	9.86834	9.98289	9.67511	9.8855	10.2679	9.70612	9.54681	10.1817	9.15485	9.76418	9.95242	9.06216	9.7134	10.0276	9.93984	9.82139	9.74647	9.63498	9.7511	9.70227	9.55999	9.31157	10.0434	10.1881	10.0172	9.02698	9.1031	9.42381	9.01847	9.25911	8.65052	9.30705	9.27909	9.04183	9.30235	9.15137	9.25901	9.36972
Female_KC_KC_M3	8.30678	7.76378	7.84084	8.13708	7.82899	7.8578	10.3012	7.92151	7.51724	7.9136	8.07723	7.93696	7.6083	8.16298	7.99215	8.33769	7.77325	6.97521	7.11842	7.29682	7.2865	7.01017	7.41825	7.14051	7.12901	7.34172	7.37962	7.31837	7.25568	7.07779	7.27775	10.1031	10.2034	10.5689	10.6124	10.6285	9.79363	10.4566	10.3715	10.6603	7.35611	7.68328	7.55568	7.18246	7.75187	7.61124	7.77594	10.3608	7.55066	7.5992	7.55189	7.5553	7.50037	7.37806	7.68925	8.10406	7.5709	7.85643	7.78023	8.0656	7.82845	7.84804	8.14035	8.03763	7.60983	7.71622	8.13475	8.12081	8.03507	8.30754
Female_KC_KC_M4	8.8567	9.4667	9.46441	9.4796	9.5625	9.66202	7.33804	9.57615	9.83326	9.28513	9.41204	9.15837	10.2412	9.51067	9.37555	9.60646	9.39055	10.9191	10.8376	11.1111	10.2745	10.8457	10.1822	11.1714	10.8581	10.5427	10.6704	10.4062	10.362	10.7912	10.4732	7.50908	7.28512	6.95401	7.80381	7.36202	8.31614	7.86125	7.46315	7.19582	10.1856	9.91744	9.50991	9.24221	9.59288	9.86693	10.2015	7.23862	9.74863	9.59765	9.97004	9.32745	9.85935	9.55902	9.84178	9.61282	9.72486	10.6279	9.39914	9.97289	10.0381	10.084	10.657	9.90479	8.0688	9.87069	9.36024	9.69019	9.73203	9.66732
Female_KC_KC_M5	9.40597	9.08082	8.91262	8.29792	9.07666	8.72304	9.12635	8.7638	8.75898	9.21242	8.97881	9.05642	8.39906	8.67437	9.35692	8.15543	8.89709	6.63273	6.98995	6.99309	6.78703	6.70102	7.10371	6.92713	6.82295	6.75852	7.32925	7.86264	7.69308	6.81333	6.72665	9.52456	9.18118	9.42237	9.27381	9.20946	9.23827	9.50456	8.80532	9.31265	7.81551	8.5593	8.29434	7.91623	8.71737	9.08783	8.89148	9.24546	8.51839	8.39984	8.43482	9.69141	8.12865	7.77811	8.5353	8.99016	8.81567	8.61731	8.32751	8.93944	8.82071	8.72412	8.15828	8.63461	7.91058	8.90198	8.4784	8.97807	9.15113	8.1918
Female_KC_KC_M6	8.2707	8.63226	8.86219	8.88501	8.93976	8.66859	7.68304	8.80046	9.17183	9.30802	8.92767	8.38571	8.41287	8.20009	8.5017	8.82248	9.07865	7.61525	7.38333	7.5915	7.35501	7.57169	8.09631	7.2642	7.44945	7.49804	7.58294	7.94709	7.60176	7.56098	7.34421	7.62693	7.33958	6.69361	7.42418	7.25831	7.69293	6.96977	7.09484	7.63073	8.23769	9.05609	8.74312	9.19753	7.89001	8.54172	9.13644	7.10896	9.1364	8.67818	8.63715	7.51793	8.91525	8.5592	8.51972	8.63976	8.29395	8.13032	8.06934	7.94408	7.89147	7.91925	8.29229	7.82496	7.72603	7.9853	7.75701	7.5231	7.86543	7.96026
Female_LC_LC_M1	4.17049	4.38458	4.65115	4.68309	3.52678	4.40482	5.15638	4.29863	4.31085	4.099	3.97506	3.32977	5.10246	5.00017	3.71332	3.78472	3.92964	5.09991	4.97978	5.31788	5.29102	4.69949	6.0545	5.36271	4.9774	5.06914	4.93162	4.5231	5.07389	5.36853	5.4814	4.88518	4.95078	4.86504	5.67498	2.89412	6.01757	6.1832	6.43571	6.03118	4.90237	4.2198	4.27384	4.54485	4.03051	4.63773	4.09947	5.64502	4.9816	5.39578	4.21859	4.6168	4.73598	3.47058	4.70029	4.58993	5.12105	3.53075	5.29941	4.8823	4.2324	4.64573	5.46161	5.50471	3.55927	3.46296	3.65667	4.96271	5.19218	5.19282
Female_LC_LC_M2	5.1042	5.40474	5.05286	4.98492	4.99416	5.11112	2.75287	5.29044	5.17237	5.67781	4.92029	5.1471	4.78347	4.44705	4.98062	4.83086	4.93292	4.54843	4.77807	4.64209	4.21483	4.70082	4.16114	4.34601	4.57757	4.79743	4.65241	5.23688	4.94038	4.66272	4.45012	3.69737	1.83996	1.68818	3.13545	1.31089	3.63744	3.53382	2.5669	2.90025	4.61206	5.16823	4.98123	4.74777	4.99312	5.06816	5.42871	4.43407	4.62167	4.30168	5.009	4.63377	5.10164	5.0247	4.89817	4.83196	4.99452	4.81532	4.27617	4.63836	4.8666	5.13726	4.23599	4.31125	2.28506	4.87201	2.47533	4.31738	4.36008	4.31963
Female_LC_LC_M3	4.21012	4.52067	4.44928	4.08246	4.33571	4.24756	2.77597	4.15444	4.14351	4.68309	4.19601	4.41464	4.14542	4.12614	4.08615	3.90516	3.96018	4.11385	4.92473	4.08165	4.2141	4.24543	3.7959	4.16243	3.93263	4.15453	4.23391	4.43009	4.22459	4.40138	3.84891	3.03129	2.16266	2.55261	3.22475	1.81156	3.12286	3.48507	2.76003	3.173	4.36461	4.15902	4.19784	3.76485	4.32313	4.59046	4.86253	4.12209	3.61191	3.8103	3.90181	5.23099	4.06579	3.95203	4.162	3.92098	4.20661	4.36722	3.97565	4.32427	4.15613	4.4847	3.99382	4.04411	1.92593	4.36238	2.86527	4.13905	3.74289	3.50686
Female_LC_LC_M4	4.5349	4.39155	4.37727	4.76435	4.11656	4.41014	2.32962	4.70819	4.6071	4.38032	4.62661	4.34831	4.50906	3.23952	4.48877	4.25624	4.58028	4.22112	3.80516	4.23546	3.82746	4.23124	4.13759	3.8757	4.45201	4.07607	3.91056	4.39596	4.4099	4.14906	4.39314	3.75801	2.05974	1.89004	3.69866	2.28093	3.56959	3.70316	2.79101	3.70725	3.95767	4.45067	4.33833	3.90758	4.19278	4.10677	4.63517	4.15342	4.40412	4.19792	4.28493	3.30395	4.17497	4.42236	4.22078	4.08071	4.76453	3.57012	3.73198	4.64641	4.39481	4.47694	4.30854	4.0648	3.19052	4.03682	3.13215	3.89201	4.09759	3.96477
Female_MEL_MEL_M1	5.22092	5.53299	4.8977	5.86919	5.30546	5.22874	3.96234	5.83138	5.10451	4.49513	6.34731	5.38991	6.57336	5.2618	5.24958	6.6169	5.35221	6.38573	6.95019	6.54871	6.63223	6.80814	7.27616	6.37099	6.45737	5.76714	6.70894	6.70152	6.56906	6.51771	6.3402	4.64593	5.3469	5.04719	4.94345	4.67827	4.61756	6.18024	4.42765	4.66188	6.70234	6.23632	5.7738	5.5579	5.33855	4.72999	5.77805	4.79786	6.65617	5.66289	5.08774	4.49813	6.06634	5.61561	6.24351	5.37151	5.47136	5.11623	4.33071	5.11274	5.64197	4.87338	5.53948	4.83759	5.26695	4.80992	5.56092	4.67419	5.33837	5.09211
Female_Mac-DC_Mac-DC_M1	5.28382	4.29595	4.19169	4.91113	4.23717	5.1718	4.70956	4.6096	5.69948	4.79293	5.47378	3.83075	5.11648	5.99137	4.79827	4.73373	5.04116	4.88368	4.4417	4.39417	4.68975	5.23252	4.60559	3.48409	5.47781	5.17577	6.04632	4.5116	3.65946	4.80691	5.94747	3.46695	5.17946	4.76323	4.25577	5.37032	3.83569	5.30597	3.82319	3.60072	4.30961	5.48745	5.67694	4.48347	3.77577	5.00781	5.40385	4.97	3.66615	5.77219	4.85268	4.15796	5.15692	5.22761	5.53643	5.15298	3.39125	4.83987	6.01877	6.37475	5.16704	6.19884	4.45254	5.03487	6.37117	5.99238	5.50194	5.01974	5.18274	5.76606
Female_Mac-DC_Mac-DC_M2	4.05944	4.65783	4.16883	5.79131	3.83632	4.38282	5.11077	5.0519	5.25423	5.03691	5.39429	3.72302	4.98313	5.79237	5.78567	5.34582	5.57745	6.93652	3.75682	5.9638	4.17308	4.82544	4.89123	4.14875	6.42801	6.28185	4.97483	4.55923	3.67248	6.05291	5.33862	5.59187	4.64921	4.64045	5.28374	5.64202	5.36996	5.69666	6.74289	6.46302	4.9297	4.97293	5.0253	5.07478	4.43087	4.54539	5.04063	4.53476	5.51017	4.66598	2.96273	3.22087	5.01256	5.25025	5.5048	5.29823	5.65892	4.3189	4.33966	5.30775	5.20981	4.97817	5.61974	4.08858	4.20682	4.12935	3.51391	3.85249	3.82303	4.2978
Female_Mast_Mast_M1	4.78497	4.78654	4.78261	5.17915	4.48167	4.91755	4.89937	5.32547	5.31716	4.99231	4.84661	4.97529	4.72377	4.85807	5.27528	4.97314	4.79252	4.59005	4.56867	5.05274	4.39756	4.74808	4.98681	3.95905	4.64595	4.56272	4.43113	5.14461	4.66018	4.11599	4.7009	5.01232	4.9223	4.3402	4.99395	4.4598	4.53199	4.38139	4.60991	4.4713	4.47605	4.97261	4.85862	5.20171	4.95742	4.6963	5.29947	4.43672	5.0078	4.79869	3.82952	4.21768	4.97865	5.15555	5.02807	4.81318	4.5927	4.19308	5.17255	4.98397	5.01832	4.85801	4.96269	4.55346	4.68853	4.59518	4.24295	4.55286	4.35065	5.01355
Female_Mast_Mast_M2	4.93199	5.03894	4.93307	5.31478	4.72867	5.10734	4.79057	5.24763	5.50989	4.93107	5.03667	5.01049	4.64478	4.75491	5.15474	4.99873	4.76622	4.96422	5.22355	5.14077	4.99648	5.03439	4.98166	5.6658	5.10825	4.5404	5.00049	5.28572	4.69761	4.66494	4.9525	4.43258	4.53129	4.43901	4.33749	4.50909	4.26472	4.38741	4.5144	4.83741	4.9299	5.1438	5.15093	5.29031	5.41836	5.14569	5.37136	4.69476	5.03206	4.99594	4.39377	5.34864	4.98213	4.93395	5.20564	5.11782	4.12603	4.82673	4.89141	4.86805	4.99742	4.82806	4.74078	5.18944	4.55062	4.81945	4.8354	4.22014	4.42196	4.75762
Female_Mast_Mast_M3	5.08847	4.74131	5.04009	4.896	5.05121	5.06038	4.9493	5.27998	5.18154	5.29996	4.75996	4.67791	4.7811	4.77729	4.77518	4.82893	5.0904	5.18975	5.03499	5.18279	5.04591	5.23632	4.80146	3.21911	4.78193	4.89068	4.9385	5.35633	4.22447	4.37897	5.07784	5.2748	4.64037	4.74678	4.87514	4.78747	4.83114	4.64711	4.71868	4.80086	4.85716	5.27098	4.96635	5.13237	4.71657	5.24817	5.68001	4.85625	5.11999	4.9571	3.36115	4.37589	5.28595	5.23226	4.84938	4.96761	4.40903	3.72662	5.08236	5.04877	5.30821	5.00144	5.04944	4.92404	4.8693	4.66099	4.18929	5.08168	4.59026	4.93134
Female_Mast_Mast_M4	4.69893	4.77576	4.66258	4.30546	4.24722	4.76529	4.72366	5.33468	4.81767	4.93789	4.45073	4.60891	4.51	4.48601	4.731	4.50396	4.88029	4.56048	4.68897	4.94757	4.37449	4.73354	4.76434	3.30091	4.32874	4.65835	4.7128	5.09659	4.95521	4.38587	4.40477	5.07774	4.90397	4.75638	4.83309	4.54669	4.15063	4.4614	4.80426	4.48628	4.53419	4.72826	4.62978	4.64935	4.95738	4.61539	5.25161	4.34508	4.82293	4.54462	3.54324	4.28674	4.9142	4.66257	4.76668	4.67399	4.09603	4.42052	4.84742	4.85297	5.36113	4.97036	4.77274	4.64616	4.84446	4.56102	4.77348	4.30057	4.3816	4.69653
Female_Mast_Mast_M5	4.80573	4.38476	4.68813	4.75073	4.96329	4.49855	4.73226	4.52475	4.85096	4.61483	4.84343	4.67982	4.65166	4.52749	4.51035	4.73416	4.89356	4.78411	5.13222	4.8732	5.23285	4.73767	4.61	3.41294	4.45892	4.53148	4.67139	4.82327	4.32217	4.56938	4.72331	4.43085	4.76736	4.86908	4.76543	4.94788	4.9397	4.77895	4.85173	4.86778	4.88695	4.71157	4.73915	4.8566	4.78223	4.83529	4.52173	4.90485	4.5195	5.04665	4.49509	4.98742	4.79543	4.47699	4.60332	4.75507	3.47962	4.36302	4.7813	4.75599	4.67576	4.65791	4.73415	4.73531	4.97641	4.92911	4.98073	4.735	4.92642	4.79473
Female_Mast_Mast_M6	5.54282	5.50688	5.49714	4.97051	5.34536	5.49039	4.71282	5.42686	5.0806	5.55354	5.39113	5.44577	5.8512	5.28131	5.44315	5.53389	5.55443	5.6485	5.43678	5.37719	5.49945	5.50098	5.06651	4.97316	5.58546	5.75508	5.79803	5.20608	5.04692	5.39883	5.359	4.91378	4.80136	4.99577	5.4655	5.34052	5.63575	5.19516	5.22276	4.82736	5.68768	5.33479	5.10333	5.0637	5.37319	5.67776	6.10813	5.61739	5.40181	5.29732	5.39817	5.07668	5.40333	5.71511	5.85649	5.26787	5.53042	5.75791	5.01408	5.31391	5.76696	5.95673	5.25633	5.43038	4.93453	5.43536	5.79337	5.68806	5.82086	5.62333
Female_Pc-vSMC_Pc-vSMC_M1	5.57913	5.62849	5.80146	5.81165	5.64811	5.40239	5.83109	5.62252	5.65333	5.60788	5.749	5.7213	5.54752	6.34364	6.01959	5.90695	5.51782	4.86805	5.25798	4.94629	5.17178	4.91846	5.25248	4.93931	4.83118	5.11036	4.84146	4.76551	4.87545	5.03561	4.99779	6.16745	6.32864	6.87952	6.83492	6.97308	6.11073	6.81681	6.30617	6.75273	5.3703	5.18556	5.14835	5.18821	4.86353	5.14874	5.43021	6.06102	5.50117	4.99931	4.78378	5.12774	5.08918	5.31098	4.97719	5.42563	4.61523	5.85565	6.05649	6.18518	6.02595	6.21411	6.33968	5.92629	5.80673	6.33658	6.25795	5.88581	6.0271	6.2011
Female_Pc-vSMC_Pc-vSMC_M2	6.95913	7.05326	7.03947	6.59665	6.04273	7.35541	5.16182	6.91457	7.13381	7.31564	7.10162	6.08478	7.3499	6.43777	6.8923	6.77972	6.88949	6.71069	7.34968	7.82056	6.9247	6.93559	7.82937	7.48166	7.51233	7.29086	7.39675	7.19202	7.59296	7.60897	8.10001	5.50479	4.96145	4.7775	5.65777	5.2368	6.24407	5.39876	5.81908	5.08802	7.18125	7.44916	7.31728	7.27784	7.28238	7.3976	7.17756	4.9938	7.48292	7.502	7.66954	7.14624	7.70279	6.00139	7.78513	7.22369	7.58556	4.74557	6.64407	6.46489	6.55667	6.81387	6.20011	5.88084	6.71903	6.21193	5.79357	6.33472	5.93271	6.3996
Female_SGC_SGC_M1	6.0706	6.74664	6.23401	6.54837	6.36219	5.97393	6.80126	6.84837	7.0716	5.90917	6.51798	6.39647	6.88368	6.60158	6.2351	6.68254	6.20346	8.19474	7.8276	7.43109	7.81957	7.76063	7.32061	7.63176	7.29967	7.80833	6.47613	8.31033	7.41488	7.9949	7.73778	0	6.17366	6.57201	0	6.43176	5.99454	6.81665	6.53988	6.17385	6.30728	6.24129	6.6859	7.55384	0	0	6.55176	0	6.53557	0	6.42811	0	0	6.73438	0	6.69688	0	6.70508	7.06568	7.23815	7.42556	6.51873	4.91614	0	3.99829	6.90616	0	0	0	0
Female_SGC_SGC_M2	5.95224	6.09374	6.72847	6.1312	6.92736	6.58368	6.44603	6.18335	6.32183	6.80246	6.4383	6.40176	5.99781	5.99811	6.63504	6.11091	6.39761	4.75997	5.55857	5.37968	5.61283	4.92953	5.65244	5.31451	4.83634	4.65134	4.87214	4.84113	5.42305	5.3239	4.31515	0	6.18518	6.40938	0	5.97593	6.20976	6.06081	5.48534	6.37785	6.50429	6.8693	5.86485	5.30352	0	0	7.18363	0	6.19499	0	6.17328	0	0	6.29875	0	6.21952	0	6.70986	6.52767	6.41337	6.87473	5.40319	4.32319	0	3.61436	6.73969	0	0	0	0
Female_Schwann_Schwann_M1	5.44938	4.85988	5.29013	5.24705	5.07097	5.30184	5.2455	5.3067	5.35456	5.30504	5.22379	5.08391	5.03362	5.09293	5.22355	5.19355	5.27452	4.22228	5.06017	5.04539	4.56419	5.02058	4.95471	5.08512	4.63964	4.78453	4.84247	5.52572	5.26233	5.11982	4.94516	4.59722	4.86682	4.64813	5.01051	4.96686	5.07092	4.76605	4.99451	4.70159	4.61861	5.22448	5.46206	4.99679	5.32423	4.93998	5.20115	4.55327	5.12824	4.95492	4.74463	5.41367	5.01034	3.90738	5.38511	5.24124	5.38867	0	5.56456	5.1639	5.20176	5.31368	4.00539	3.56975	5.68159	5.25419	5.26838	4.11987	4.4483	5.1298
Male_FB_FB_M1	7.2705	7.12526	7.10757	7.42115	7.11517	7.16569	8.04936	7.63822	7.66955	7.41193	7.51027	7.37187	7.34788	7.82344	7.765	7.52431	7.23827	7.59958	7.48242	7.18245	7.20775	7.32885	7.67825	7.15052	7.30344	7.56522	7.25648	7.17614	7.13852	7.2907	7.18913	7.8487	8.16905	7.71889	7.40336	7.96723	7.11405	7.82458	7.19394	7.74163	7.27509	7.30165	7.286	7.26575	6.32254	7.06809	7.1936	7.63076	7.32875	7.63371	7.06077	6.67814	7.38583	7.71591	7.06443	7.04932	6.86853	8.88368	8.6465	8.81873	7.93942	8.56029	9.4406	9.50372	9.18496	9.149	9.33544	9.29294	9.29847	9.06354
Male_FB_FB_M2	7.54654	7.49723	7.36268	7.26156	7.37818	7.40471	7.02602	7.34423	7.35785	7.42298	7.34549	7.04951	7.25141	7.2381	7.19526	7.17555	7.36045	7.33404	7.47922	7.37702	7.27822	7.24312	7.57582	7.31644	7.27794	7.35307	7.23707	7.02265	7.1941	7.44785	7.29896	7.84	7.0338	7.04881	7.78694	7.14757	7.74808	7.17544	7.74902	7.24501	7.29049	7.34521	7.33442	7.19984	7.11625	7.18053	7.50978	7.71925	7.40556	7.2127	7.38832	7.37417	7.18566	6.77933	7.27751	7.37065	7.31446	8.62823	8.22018	9.01551	8.69668	8.91379	8.91252	8.67348	8.14199	8.35685	8.48348	8.82682	8.35325	8.90341
Male_FB_FB_M3	10.2468	9.59792	9.24672	10.1113	8.55357	10.0082	8.92604	9.60198	9.39818	9.84747	9.87704	9.75364	9.57255	9.33624	9.90997	9.66282	9.85736	9.03597	7.32573	9.18955	7.83708	8.74398	8.4362	8.4526	9.27172	8.87034	8.89037	8.78283	8.90049	8.95075	9.32727	9.66824	9.07104	7.40893	9.21924	9.4782	9.40566	8.95316	9.30813	9.18506	8.16171	9.65699	9.80886	9.76186	9.29334	9.27129	9.31319	9.41799	9.83934	9.72173	9.59815	8.91287	9.55991	9.40768	9.79678	10.0748	9.26828	7.6362	8.56915	8.19385	7.91724	7.64012	8.25761	7.4896	8.26545	7.58696	7.849	7.33187	7.3232	8.12034
Male_FB_FB_M4	8.62744	8.41738	8.39074	8.08625	8.38829	8.50431	6.60981	8.11928	8.15584	8.42747	8.05854	7.98173	7.77788	7.81057	7.9503	7.85451	8.36393	7.41143	7.23748	7.64419	7.3545	7.26232	7.84509	7.52715	7.31384	7.31422	7.40509	7.46657	7.99	7.50366	7.41506	7.78327	6.59703	6.6592	7.43988	6.69731	7.94636	6.78846	7.62294	7.00386	7.84963	8.09992	8.16104	7.70346	8.4391	8.18804	8.05377	7.4301	7.80576	7.30219	8.29373	8.40434	7.61135	6.77351	8.19768	8.49276	8.43414	6.11491	6.5139	6.50288	7.06249	6.41499	5.86642	5.51542	6.22994	6.19482	5.81715	5.87302	5.79859	6.05622
Male_FB_FB_M5	7.36319	7.44473	7.5425	7.58925	7.37674	7.46521	8.37129	7.76254	8.14719	7.77984	7.47212	8.28962	8.01591	7.85813	7.93603	8.08067	7.43966	7.41257	7.55533	7.56301	7.1957	7.50777	7.66431	7.45464	7.35597	7.82571	7.30027	7.79278	7.71472	7.48863	7.20592	7.951	8.02094	8.17686	7.43276	8.25979	7.25242	7.94442	7.39019	8.35701	7.31035	8.16279	7.47634	7.44571	7.37495	7.55623	7.88131	7.42777	7.85816	7.29292	7.96254	7.6635	7.64806	7.88245	7.6143	7.66859	7.35882	6.34383	6.88219	6.77619	7.23577	6.55533	6.63209	6.15	6.60551	6.33863	6.28179	6.36304	6.1629	6.87443
Male_FB_FB_M6	7.32822	7.78152	7.64668	7.50443	6.73979	7.70985	7.3717	8.31595	7.1244	7.98653	7.61882	7.66089	8.22431	7.71967	7.83531	7.87449	7.73817	7.73823	6.96576	7.81108	6.92004	7.51754	8.28592	6.7372	6.94376	7.33536	7.07294	6.90888	7.54784	7.48143	7.12873	7.89163	7.13518	6.66667	6.82748	7.06819	6.40574	7.19549	6.39341	6.73901	7.58787	7.91443	7.85191	8.23523	6.53529	8.24745	8.26866	6.72679	8.31624	8.23642	6.71221	6.24637	8.29034	8.8551	8.46148	7.31248	7.04632	5.51388	6.87073	6.65348	6.86728	6.72364	6.5448	5.39796	6.82478	6.63196	6.22065	5.63159	6.17351	6.59994
Male_FB_FB_M7	7.19887	6.94016	7.49432	7.00278	7.29464	7.14603	6.12455	7.25968	6.96064	6.97311	7.24103	7.17564	7.76168	6.61917	7.00204	7.2346	7.09354	7.26135	7.38404	7.39308	7.20048	7.2112	7.55983	7.72584	6.95269	7.23032	7.63635	7.18605	7.76065	7.24931	7.12007	6.26754	5.87478	6.1098	6.31836	6.16787	6.28248	6.3319	6.18106	6.23617	7.60626	7.52378	7.25091	6.98612	6.84854	7.30481	7.42165	6.19946	7.36631	7.15353	7.27243	7.09876	7.65467	7.29248	7.37407	7.20281	7.88434	5.87944	5.65941	5.65915	7.12534	5.69274	5.25307	5.00819	5.60989	5.41117	5.26948	5.21126	5.23937	5.43212
Male_FB_FB_M8	7.03542	7.01627	6.72073	6.77306	6.92199	7.07145	5.90738	7.02401	6.53294	6.83106	6.86035	6.36004	6.90567	6.43082	6.89632	6.75496	6.92772	6.67242	6.13492	6.47361	6.23712	6.186	7.02302	6.06315	6.13601	5.91805	6.22058	6.01973	6.97435	6.1	6.10889	5.72055	5.92894	6.08433	5.44952	5.80279	5.83894	6.06763	5.79606	5.72839	7.36379	6.82869	7.14625	6.96703	6.51223	7.2531	7.13579	5.53637	6.84552	6.93216	6.61664	6.85074	7.14093	6.80341	7.08921	7.18406	7.1413	5.92569	5.86334	6.05114	6.09746	6.32208	5.24881	4.93454	5.9104	6.09483	5.53576	5.19431	5.79107	5.42129
Male_KC_KC_M1	8.11659	8.46814	8.46393	8.95163	8.48787	8.77286	7.69015	8.54667	9.20277	8.20496	8.41205	8.08061	8.41503	8.39246	8.2505	8.83176	8.52957	9.28099	8.7566	9.20835	8.30827	9.22086	8.6089	9.09947	9.10539	8.86856	8.70566	8.96528	8.29465	9.26706	8.80488	7.5944	7.69167	7.17396	8.12832	7.55757	8.11994	7.8395	7.77054	7.67165	8.55007	8.75486	8.45214	8.19784	7.81025	8.21412	8.72191	7.45113	8.54689	8.75281	8.30054	7.31521	8.73145	8.76496	8.48629	8.26677	8.09696	11.071	9.64066	10.3887	9.68515	10.1916	11.7141	10.9215	8.14663	9.83152	10.3841	10.3897	10.4211	10.7108
Male_KC_KC_M2	7.7824	7.66537	7.8341	8.15304	7.915	7.93039	7.84162	8.05196	8.00363	8.09677	8.00636	7.51618	8.14016	8.00941	7.78137	7.93807	7.90699	8.3093	8.37095	8.55071	8.37914	8.25559	8.33602	8.20483	8.33549	8.42147	8.1658	8.23095	8.04165	8.61573	8.29371	8.10523	7.84608	7.75264	7.95422	8.01984	7.88589	8.07558	7.90978	8.13132	8.15761	8.02054	7.83187	7.86195	7.88635	7.97114	8.14796	7.9173	7.88305	7.94045	8.05832	7.90756	8.13098	7.65963	8.02005	8.26422	7.86065	9.45559	9.19232	9.84551	9.35304	9.58192	9.74295	10.0148	9.0279	9.41587	9.87697	9.71523	9.81084	10.0188
Male_KC_KC_M3	8.91573	8.85503	8.92274	8.88827	8.90149	8.8747	8.85421	9.14127	8.45659	9.33954	9.11365	8.9448	9.1543	8.60978	8.68662	9.33097	9.06857	8.30307	8.43101	8.57748	8.46022	8.25471	8.85659	8.41167	8.35867	8.54967	8.54334	8.54483	8.57002	8.34731	8.59388	8.85848	8.47626	8.50248	8.78714	8.85672	8.78697	8.54442	8.39259	8.88054	8.44315	9.01223	8.93494	8.41279	8.91166	8.91425	9.13475	8.68839	8.99102	8.57176	9.01646	8.7056	8.87752	8.44456	9.02081	9.18856	9.02034	7.47025	7.65504	7.82083	7.82688	7.63239	7.54242	7.31665	7.47809	7.52051	7.378	7.35692	7.4356	7.73378
Male_KC_KC_M4	7.01177	6.68034	6.69221	7.90536	7.58289	7.74543	6.70354	7.38627	6.76223	6.83193	7.1264	6.56282	7.86043	7.22483	6.81503	7.46634	7.15458	8.17936	8.40973	8.37102	8.50242	8.01064	8.01118	7.87798	8.30459	8.43909	8.13062	7.58423	7.93405	8.30808	8.12679	6.81371	6.78525	6.91499	7.08307	7.41211	6.79834	7.23854	6.9622	7.10412	8.08806	7.65692	7.09071	7.02434	7.23837	7.2932	7.29356	6.73034	7.21283	7.60274	7.23908	6.71741	7.80504	6.61067	7.59998	8.05442	6.98084	7.3159	7.40322	8.03589	8.47103	7.42827	7.5114	7.48382	8.46983	7.2756	7.48656	7.33587	7.71534	8.1025
Male_KC_KC_M5	7.79152	8.01947	7.86375	7.64786	7.85035	7.67277	7.4535	7.81147	7.81623	8.22548	7.94565	7.79112	7.86433	7.8171	8.37443	7.77159	7.87878	7.23438	7.50287	7.20289	7.00902	7.20256	7.39353	7.23622	7.40188	7.2508	7.67294	7.62244	7.85282	7.03487	7.18818	7.42477	7.16612	7.15563	7.40934	7.38286	7.22945	7.4769	7.67008	7.43556	7.95967	7.9962	7.8365	7.58093	7.7874	8.04159	8.74451	7.25658	8.10275	7.62113	7.52515	8.54341	7.76448	7.52566	7.82043	7.87606	7.75305	6.60806	6.48019	6.62394	6.85325	6.49634	6.3241	6.12535	5.55088	6.63834	6.20861	6.26838	6.5024	6.34632
Male_MEL_MEL_M1	5.91908	5.82464	5.72678	5.92138	5.56753	5.7562	4.84127	5.56811	6.25618	5.95569	5.55945	5.65031	5.64997	5.70274	5.95502	5.8109	5.52844	6.0257	5.70687	5.79753	5.85035	5.6289	5.48908	5.52149	6.06498	5.64686	5.81872	5.54509	5.30985	5.67378	5.77036	5.55274	5.56738	5.44057	5.63926	5.43165	6.19299	5.72341	6.53685	5.51529	5.75567	5.68197	5.59806	5.49995	5.41721	5.42407	5.49749	5.32974	5.12083	5.87135	5.8924	5.71144	5.32013	5.58618	5.41056	6.07295	5.37238	7.2126	6.6114	7.33696	6.84524	6.86713	7.12607	7.11819	5.74123	6.90333	7.1504	7.07602	7.41598	6.65628
Male_MEL_MEL_M2	6.4342	6.20354	6.7056	6.51442	6.24412	6.55206	6.24852	6.58549	6.13831	6.27912	6.65545	6.43123	6.58132	6.62643	6.63149	6.65651	6.43143	6.35341	6.30237	6.38258	6.07247	6.27569	6.27094	6.40823	6.15187	6.48324	6.30393	6.61953	6.5831	5.99805	6.39458	6.53265	5.9637	5.78571	6.18965	5.95958	6.23676	5.73149	6.09747	5.99948	6.31053	6.47265	6.48795	6.30021	6.31975	6.57985	6.39357	6.20732	5.85915	6.11111	6.23714	6.40074	6.39361	6.24571	6.75775	6.37421	6.60734	4.58339	5.17106	4.94023	5.39217	5.13538	4.63855	4.33792	5.16014	4.89336	4.77945	4.56556	4.85925	4.6412
Male_Mac-DC_Mac-DC_M1	5.13576	5.54566	4.64203	4.75522	5.60061	5.26674	5.01194	5.40823	5.22598	5.00883	5.10575	4.74231	4.67903	5.53277	5.06392	4.86198	5.39617	5.08757	5.03915	4.76992	5.24484	5.18268	4.89641	4.46965	5.21599	5.10411	5.55862	5.22769	4.03596	5.35959	5.43684	5.37544	5.72855	5.53376	5.68026	5.66761	5.24728	5.90599	5.0694	5.40226	4.65945	5.22829	5.36502	4.63742	4.46894	5.27276	5.28185	5.7252	4.71579	5.09372	4.14545	5.15198	5.08164	5.21914	5.17289	5.10175	4.5893	5.42437	6.15348	6.67287	6.23279	6.58103	5.72054	5.91942	6.54876	6.32036	6.42506	5.99484	6.43517	6.26222
Male_Pc-vSMC_Pc-vSMC_M1	5.05714	5.38597	5.37038	6.53476	5.54636	5.35418	6.31171	5.26828	5.36014	5.27597	5.86503	5.66779	5.43435	6.67657	6.14308	6.08207	5.41333	5.46607	4.96536	5.34551	5.39757	5.24198	5.64685	5.5555	4.71171	5.09185	5.25998	4.80082	5.16969	5.11668	4.88891	5.80898	6.54235	6.73542	6.59661	6.92263	5.45867	6.5963	5.79014	6.48651	5.46409	5.15948	5.22859	4.9426	4.07183	4.87554	4.96131	6.02926	5.04729	4.99122	3.74099	4.3642	4.93789	5.89778	5.06497	5.42781	3.79458	6.91948	6.97507	7.0568	6.56182	7.02496	7.52155	6.71041	7.05972	8.11632	8.18412	7.14456	7.22215	7.63698
Male_Schwann_Schwann_M1	5.27594	5.1344	5.3423	5.26669	4.75197	5.16348	5.62772	5.48117	5.70511	5.36088	5.23334	5.25128	5.16564	4.9373	5.24722	5.20641	5.3004	4.46811	4.84876	5.18315	4.2071	4.84554	4.96609	4.66335	4.69549	4.87783	4.82721	5.41997	5.00007	5.36685	4.94385	5.16566	5.07559	4.36915	5.31581	5.33034	5.01026	5.07586	5.10244	4.88255	4.47815	5.23045	5.47738	4.95802	5.12347	4.62374	5.37917	5.16739	5.03516	5.23122	4.60042	4.72821	5.39993	4.12754	5.39029	5.15998	5.09537	0	6.36831	5.60175	5.41156	5.57874	4.60119	3.31834	6.42663	5.57746	5.86696	4.19129	5.04147	5.8146
Male_Schwann_Schwann_M2	5.42863	4.83628	5.54971	5.28324	4.36765	5.27934	4.89764	5.27748	5.11335	5.28078	5.31988	5.37332	5.1097	4.98258	5.34655	5.13953	5.18809	4.15329	4.29832	5.27398	4.02304	4.89153	4.68757	4.6267	4.85752	4.80587	4.88395	5.41084	5.15984	4.8429	4.64617	5.18925	4.73751	4.07977	5.12328	4.90387	5.00849	4.73725	4.96484	4.87197	4.14003	4.97783	5.22019	4.9601	5.06233	4.52312	4.71575	4.9304	4.92905	4.81523	4.67635	4.0441	4.99733	3.61164	5.30714	5.03454	5.08049	0	4.95747	4.72512	4.41335	4.50295	3.88168	3.04527	5.1615	4.42464	4.69197	3.10135	4.23251	4.63072
Male_Schwann_Schwann_M3	5.1052	4.74678	4.75163	5.03725	4.99907	5.12624	5.16355	5.00937	4.93301	5.17581	5.00794	4.86534	5.12004	5.47627	5.1183	5.19703	4.97649	4.60618	5.03459	5.00726	4.69839	4.63884	4.88329	5.34552	4.46287	4.69111	4.86178	5.14293	5.3792	4.93005	5.04793	4.0886	4.37202	4.76796	4.81165	5.0272	4.95519	5.04298	4.7981	4.92159	4.95771	5.19485	5.16781	4.18806	5.25488	4.91411	4.9991	4.24235	4.9616	4.75754	4.84323	5.61231	4.91257	4.23497	5.17412	5.14823	5.24427	0	5.50299	5.16557	4.86761	5.39666	4.60231	4.74639	5.46008	5.6769	5.42038	4.44474	4.69857	5.21414
Male_Schwann_Schwann_M4	4.72347	4.82837	4.82058	4.64704	4.63098	4.83416	4.52151	4.55212	4.48501	4.63267	4.80397	4.75271	4.84548	4.83889	4.83473	4.79951	4.58924	4.61435	4.7052	4.95512	5.00062	4.5046	4.91581	4.92154	5.03009	4.79105	4.91469	4.56321	4.81014	4.70844	5.00691	4.63387	4.70021	4.73359	4.81472	4.95548	4.82364	4.96772	4.8322	4.8951	4.91527	4.76865	4.68619	3.9461	4.85739	4.872	4.5245	4.72718	4.78355	4.84692	4.87775	4.81856	4.81813	4.61239	4.66641	4.72764	4.73859	0	4.68477	4.84212	4.77147	4.87464	5.21424	4.09277	4.81029	4.88827	4.9196	4.29697	4.79981	4.77485
Male_Schwann_Schwann_M5	5.18506	5.53495	5.54708	5.13193	5.07031	5.17037	4.82808	5.03256	5.36231	5.50823	5.20514	4.63689	5.41065	4.95621	5.11009	5.09184	5.43794	4.99725	5.71785	5.29849	5.22453	5.00345	5.88141	4.95593	5.27546	5.18699	5.34007	5.09644	5.03662	5.68563	5.21314	5.44659	5.03092	4.99733	5.27958	5.04159	5.04798	5.22626	5.09305	5.23695	5.43548	5.28658	4.94258	4.51761	4.75158	4.83639	5.47632	6.00293	5.29227	5.47616	4.95752	4.96371	5.64569	5.19076	5.28969	5.17204	4.87042	0	5.22022	5.44677	5.95311	5.65106	4.80486	3.82161	5.17323	5.44537	5.4278	4.01995	5.57431	5.73586
